 1.82590246e+004
 1.87781695e+004
 1.96059996e+004
 1.71947345e+004
 1.32905092e+004
 8.26483932e+003
 4.01344199e+004
 4.00473617e+004
 3.90642661e+004
 3.85530125e+004
 3.81427866e+004
 3.47943350e+004
 2.86229725e+004
 2.84516560e+004
 2.73833219e+004
 2.62680312e+004
 2.42131824e+004
 2.11436400e+004
 1.82590246e+004
 1.87781695e+004
 1.96059996e+004
 1.71947345e+004
 1.32905092e+004
 8.26483932e+003
 4.01344199e+004
 4.00473617e+004
 3.90642661e+004
 3.85530125e+004
 3.81427866e+004
 3.47943350e+004
 2.86229725e+004
 2.84516560e+004
 2.73833219e+004
 2.62680312e+004
 2.42131824e+004
 2.11436400e+004
 1.82590246e+004
 1.87781695e+004
 1.96059996e+004
 1.71947345e+004
 1.32905092e+004
 8.26483932e+003
 4.01344199e+004
 4.00473617e+004
 3.90642661e+004
 3.85530125e+004
 3.81427866e+004
 3.47943350e+004
 2.86229725e+004
 2.84516560e+004
 2.73833219e+004
 2.62680312e+004
 2.42131824e+004
 2.11436400e+004
 1.82590246e+004
 1.87781695e+004
 1.96059996e+004
 1.71947345e+004
 1.32905092e+004
 8.26483932e+003
 2.86229725e+004
 2.84516560e+004
 2.73833219e+004
 2.62680312e+004
 2.42131824e+004
 2.11436400e+004
 1.82590246e+004
 1.87781695e+004
 1.96059996e+004
 1.71947345e+004
 1.32905092e+004
 8.26483932e+003
 2.86229725e+004
 2.84516560e+004
 2.73833219e+004
 2.62680312e+004
 2.42131824e+004
 2.11436400e+004
 1.66774938e+004
 1.64664197e+004
 1.43031386e+004
 1.35035264e+004
 9.30779654e+003
 6.60743490e+003
 4.04125740e+004
 3.93604770e+004
 3.84276896e+004
 3.78159406e+004
 3.64536825e+004
 3.51078671e+004
 2.80089365e+004
 2.76656673e+004
 2.53811163e+004
 2.25230787e+004
 2.11559566e+004
 1.95583943e+004
 1.66774938e+004
 1.64664197e+004
 1.43031386e+004
 1.35035264e+004
 9.30779654e+003
 6.60743490e+003
 4.02362050e+004
 4.00176052e+004
 3.87025093e+004
 3.76020643e+004
 3.45376761e+004
 3.50977644e+004
 1.78768567e+004
 1.54581504e+004
 1.49618637e+004
 1.21120052e+004
 9.47868466e+003
 7.09236805e+003
 4.02362050e+004
 4.00176052e+004
 3.87025093e+004
 3.77732791e+004
 3.46184983e+004
 3.37146279e+004
 2.70199293e+004
 2.67827209e+004
 2.60356674e+004
 2.23712104e+004
 2.20027870e+004
 2.23618845e+004
 1.77321874e+004
 1.59884433e+004
 1.53402882e+004
 1.21120052e+004
 9.47868466e+003
 1.00354579e+004
 4.02939179e+004
 4.00378107e+004
 3.83852338e+004
 3.76020643e+004
 3.45376761e+004
 3.37146279e+004
 2.71589967e+004
 2.67414508e+004
 2.76189357e+004
 2.29668629e+004
 2.13468446e+004
 2.23618845e+004
